date,state.icu.in,state.icu.out,state.icu,state.critical.in,state.critical.out,state.critical,hospital.icu.free,hospital.icu.total,state.deceased.hospital.icu,state.deceased.hospital.icu.todate,state.icu.total,state.critical.total,state.ukclj.icu.in,state.ukclj.icu.out,state.ukclj.icu,state.ukclj.critical.in,state.ukclj.critical.out,state.ukclj.critical,hospital.ukclj.icu.free,hospital.ukclj.icu.total,state.ukclj.deceased.hospital.icu,state.ukclj.deceased.hospital.icu.todate,state.ukclj.icu.total,state.ukclj.critical.total,state.ukcmb.icu.in,state.ukcmb.icu.out,state.ukcmb.icu,state.ukcmb.critical.in,state.ukcmb.critical.out,state.ukcmb.critical,hospital.ukcmb.icu.free,hospital.ukcmb.icu.total,state.ukcmb.deceased.hospital.icu,state.ukcmb.deceased.hospital.icu.todate,state.ukcmb.icu.total,state.ukcmb.critical.total,state.ukg.icu.in,state.ukg.icu.out,state.ukg.icu,state.ukg.critical.in,state.ukg.critical.out,state.ukg.critical,hospital.ukg.icu.free,hospital.ukg.icu.total,state.ukg.deceased.hospital.icu,state.ukg.deceased.hospital.icu.todate,state.ukg.icu.total,state.ukg.critical.total,state.sbce.icu.in,state.sbce.icu.out,state.sbce.icu,state.sbce.critical.in,state.sbce.critical.out,state.sbce.critical,hospital.sbce.icu.free,hospital.sbce.icu.total,state.sbce.deceased.hospital.icu,state.sbce.deceased.hospital.icu.todate,state.sbce.icu.total,state.sbce.critical.total,state.sbnm.icu.in,state.sbnm.icu.out,state.sbnm.icu,state.sbnm.critical.in,state.sbnm.critical.out,state.sbnm.critical,hospital.sbnm.icu.free,hospital.sbnm.icu.total,state.sbnm.deceased.hospital.icu,state.sbnm.deceased.hospital.icu.todate,state.sbnm.icu.total,state.sbnm.critical.total
2020-03-10,1,0,1,1,0,1,13,14,0,0,1,1,1,,1,1,,1,13,14,,,1,1,,,,,,,,,,,,,,,,,,,,,,,,,,,,,,,,,,,,,,,,,,,,,,,,
2020-03-11,0,0,1,0,0,1,13,14,0,0,1,1,0,0,1,,,1,13,14,,,1,1,,,,,,,,,,,,,,,,,,,,,,,,,,,,,,,,,,,,,,,,,,,,,,,,
2020-03-12,1,0,2,0,0,1,22,24,0,0,2,1,1,0,2,,,1,12,14,,,2,1,,,,,,,,,,,,,,,,,,,10,10,,,,,,,,,,,,,,,,,,,,,,,,,,,,
2020-03-13,2,0,4,2,0,3,27,31,0,0,4,3,2,0,4,2,,3,10,14,,,4,3,,,,,,,7,7,,,,,,,,,,,10,10,,,,,,,,,,,,,,,,,,,,,,,,,,,,
2020-03-14,0,0,4,0,0,3,27,31,0,0,4,3,0,0,4,,,3,10,14,,,4,3,,,,,,,7,7,,,,,,,,,,,10,10,,,,,,,,,,,,,,,,,,,,,,,,,,,,
2020-03-15,0,1,3,0,0,3,28,31,0,0,4,3,0,1,3,,,3,11,14,,,4,3,,,,,,,7,7,,,,,,,,,,,10,10,,,,,,,,,,,,,,,,,,,,,,,,,,,,
2020-03-16,2,0,5,0,0,3,26,31,0,0,6,3,1,0,4,,,3,10,14,,,5,3,1,0,1,,,0,6,7,,0,1,0,,,,,,,10,10,,,,,,,,,,,,,,,,,,,,,,,,,,,,
2020-03-17,0,0,5,1,0,4,26,31,0,0,6,4,0,0,4,1,,4,10,14,,,5,4,0,0,1,,,0,6,7,,0,1,0,,,,,,,10,10,,,,,,,,,,,,,,,,,,,,,,,,,,,,
2020-03-18,0,0,5,0,0,4,26,31,0,0,6,4,0,0,4,,,4,10,14,,,5,4,0,0,1,,,0,6,7,,0,1,0,,,,,,,10,10,,,,,,,,,,,,,,,,,,,,,,,,,,,,
2020-03-19,2,0,7,3,0,7,24,31,0,0,8,7,1,0,5,1,,5,9,14,,,6,5,1,0,2,2,,2,5,7,,0,2,2,,,,,,,10,10,,,,,,,,,,,,,,,,,,,,,,,,,,,,
2020-03-20,1,0,8,1,0,8,23,31,0,0,9,8,1,0,6,1,,6,8,14,,,7,6,0,0,2,,,2,5,7,,0,2,2,,,,,,,10,10,,,,,,,,,,,,,,,,,,,,,,,,,,,,
2020-03-21,0,0,8,0,0,8,23,31,0,0,9,8,0,0,6,,,6,8,14,,,7,6,0,0,2,,,2,5,7,,0,2,2,,,,,,,10,10,,,,,,,,,,,,,,,,,,,,,,,,,,,,
2020-03-22,3,0,11,3,0,11,20,31,0,0,12,11,3,0,9,3,,9,5,14,,,10,9,0,0,2,,,2,5,7,,0,2,2,,,,,,,10,10,,,,,,,,,,,,,,,,,,,,,,,,,,,,
2020-03-23,1,1,10,0,0,10,63,56,1,1,13,11,1,1,8,,,8,20,28,1,1,11,9,0,0,2,,,2,5,7,,0,2,2,0,0,0,,,0,10,10,,0,0,0,0,0,0,,,0,11,11,,0,0,0,0,0,0,,,0,17,17,,0,0,0
2020-03-24,1,0,11,1,0,11,74,68,0,1,14,12,0,0,8,,,8,28,36,,1,11,9,1,0,3,1,,3,4,7,,0,3,3,0,0,0,,,0,14,14,,0,0,0,0,0,0,,,0,11,11,,0,0,0,0,0,0,,,0,17,17,,0,0,0
2020-03-25,6,3,14,2,0,13,71,68,0,1,20,14,5,3,10,1,,9,26,36,,1,16,10,0,0,3,,,3,4,7,,0,3,3,0,0,0,,,0,14,14,,0,0,0,1,0,1,1,,1,10,11,,0,1,1,0,0,0,,,0,17,17,,0,0,0
2020-03-26,2,0,16,2,0,15,76,75,0,1,22,16,0,0,10,,,9,26,36,,1,16,10,1,0,4,1,,4,10,14,,0,4,4,1,0,1,1,,1,13,14,,0,1,1,0,0,1,,,1,10,11,,0,1,1,0,0,0,,,0,17,17,,0,0,0
2020-03-27,5,0,22,5,0,20,70,75,0,1,27,21,1,0,12,1,,10,24,36,,1,17,11,2,0,6,2,,6,8,14,,0,6,6,1,0,2,1,,2,12,14,,0,2,2,1,0,2,1,,2,9,11,,0,2,2,0,0,0,,,0,17,17,,0,0,0
2020-03-28,1,0,23,1,0,20,69,75,1,2,28,22,0,0,12,1,,10,24,36,1,2,17,12,1,0,7,,,6,7,14,,0,7,6,0,0,2,,,2,12,14,,0,2,2,0,0,2,,,2,9,11,,0,2,2,0,0,0,,,0,17,17,,0,0,0
2020-03-29,2,1,24,1,0,21,68,75,0,2,30,23,1,1,12,,,10,24,36,,2,18,12,1,0,8,1,,7,6,14,,0,8,7,0,0,2,,,2,12,14,,0,2,2,0,0,2,,,2,9,11,,0,2,2,0,0,0,,,0,17,17,,0,0,0
2020-03-30,5,0,29,4,0,24,69,81,1,3,35,27,3,0,15,3,,12,27,42,1,3,21,15,1,0,9,1,,8,5,14,,0,9,8,0,0,2,,,2,12,14,,0,2,2,1,0,3,,,2,8,11,,0,3,2,0,0,0,,,0,17,17,,0,0,0
2020-03-31,0,1,28,1,0,25,70,81,0,3,35,28,0,1,14,,,12,28,42,,3,21,15,0,0,9,1,,9,5,14,,0,9,9,0,0,2,,,2,12,14,,0,2,2,0,0,3,,,2,8,11,,0,3,2,0,0,0,,,0,17,17,,0,0,0
2020-04-01,3,0,31,3,1,27,70,84,0,3,38,31,1,0,15,1,,13,27,42,,3,22,16,2,0,11,2,,11,6,17,,0,11,11,0,0,2,,1,1,12,14,,0,2,2,0,0,3,,,2,8,11,,0,3,2,0,0,0,,,0,17,17,,0,0,0
2020-04-02,1,2,30,0,0,27,71,84,0,3,39,31,1,2,14,,,13,28,42,,3,23,16,0,0,11,,,11,6,17,,0,11,11,0,0,2,,,1,12,14,,0,2,2,0,0,3,,,2,8,11,,0,3,2,0,0,0,,,0,17,17,,0,0,0
2020-04-03,3,3,30,2,2,26,73,86,1,4,42,33,0,1,13,,,13,29,42,,3,23,16,0,0,11,1,,11,8,19,1,1,11,12,0,0,2,,,1,12,14,,0,2,2,3,2,4,1,2,1,7,11,,0,6,3,0,0,0,,,0,17,17,,0,0,0
2020-04-04,1,1,31,1,0,27,72,86,0,4,43,34,0,0,14,1,,14,28,42,,3,23,17,0,1,10,,,11,9,19,,1,11,12,0,0,2,,,1,12,14,,0,2,2,1,0,5,,,1,6,11,,0,7,3,0,0,0,,,0,17,17,,0,0,0
2020-04-05,0,0,31,0,1,26,72,86,0,4,43,34,0,0,14,,,14,28,42,,3,23,17,0,0,10,,1,10,9,19,,1,11,12,0,0,2,,,1,12,14,,0,2,2,0,0,5,,,1,6,11,,0,7,3,0,0,0,,,0,17,17,,0,0,0
2020-04-06,0,1,30,0,2,24,73,86,0,4,43,34,0,1,13,,2,12,29,42,,3,23,17,0,0,10,,,10,9,19,,1,11,12,0,0,2,,,1,12,14,,0,2,2,0,0,5,,,1,6,11,,0,7,3,0,0,0,,,0,17,17,,0,0,0
2020-04-07,2,0,32,2,0,26,71,86,0,4,45,36,2,0,15,2,,14,27,42,,3,25,19,0,0,10,,,10,9,19,,1,11,12,0,0,2,,,1,12,14,,0,2,2,0,0,5,,,1,6,11,,0,7,3,0,0,0,,,0,17,17,,0,0,0
2020-04-08,4,1,35,1,0,27,79,97,0,4,49,37,2,1,16,,,14,27,43,,3,27,19,1,0,11,,,10,8,19,,1,12,12,0,0,2,,,1,22,24,,0,2,2,1,0,6,1,,2,5,11,,0,8,4,0,0,0,,,0,17,17,,0,0,0
2020-04-09,2,2,34,4,2,28,80,97,1,5,51,41,0,2,13,,1,12,30,43,1,4,27,19,1,0,12,2,,12,7,19,,1,13,14,0,0,2,,1,0,22,24,,0,2,2,1,0,7,2,,4,4,11,,0,9,6,0,0,0,,,0,17,17,,0,0,0
2020-04-10,2,1,36,1,0,29,78,97,0,5,53,42,2,0,15,1,,13,28,43,,4,29,20,0,0,13,,,12,6,19,,1,13,14,0,0,2,,,0,22,24,,0,2,2,0,1,6,,,4,5,11,,0,9,6,0,0,0,,,0,17,17,,0,0,0
2020-04-11,2,1,35,0,0,27,78,96,2,7,55,42,0,0,13,,,11,29,42,2,6,29,20,2,1,14,,,12,5,19,,1,15,14,0,0,2,,,0,22,24,,0,2,2,0,0,6,,,4,5,11,,0,9,6,0,0,0,,,0,17,17,,0,0,0
2020-04-12,1,1,35,1,0,28,78,96,0,7,56,43,0,1,12,,,11,30,42,,6,29,20,1,0,15,1,,13,4,19,,1,16,15,0,0,2,,,0,22,24,,0,2,2,0,0,6,,,4,5,11,,0,9,6,0,0,0,,,0,17,17,,0,0,0
2020-04-13,0,1,33,0,1,26,80,96,1,8,56,43,0,1,10,,,10,32,42,1,7,29,20,0,0,15,,1,12,4,19,,1,16,15,0,0,2,,,0,22,24,,0,2,2,0,0,6,,,4,5,11,,0,9,6,0,0,0,,,0,17,17,,0,0,0
2020-04-14,3,1,35,0,2,24,78,96,0,8,59,43,2,0,12,,,10,30,42,,7,31,20,0,1,14,,2,10,5,19,,1,16,15,0,0,2,,,0,22,24,,0,2,2,1,0,7,,,4,4,11,,0,10,6,0,0,0,,,0,17,17,,0,0,0
2020-04-15,2,3,34,0,0,24,79,96,0,8,61,43,1,0,13,,,10,29,42,,7,32,20,0,1,13,,,10,6,19,,1,16,15,0,0,2,,,0,22,24,,0,2,2,1,2,6,,,4,5,11,,0,11,6,0,0,0,,,0,17,17,,0,0,0
2020-04-16,1,5,30,0,2,22,83,96,0,8,62,43,0,2,11,,1,9,31,42,,7,32,20,0,1,12,,1,9,7,19,,1,16,15,1,1,2,,,0,22,24,,0,3,2,0,1,5,,,4,6,11,,0,11,6,0,0,0,,,0,17,17,,0,0,0
2020-04-17,0,0,28,1,0,22,85,96,2,10,62,44,0,0,11,,,9,31,42,,7,32,20,0,0,11,1,,9,8,19,1,2,16,16,0,0,1,0,,0,23,24,1,1,3,2,0,0,5,,,4,6,11,,0,11,6,0,0,0,,,0,17,17,,0,0,0
2020-04-18,1,2,27,2,1,23,86,96,0,10,63,46,1,1,11,1,,10,31,42,,7,33,21,0,1,10,,,9,9,19,,2,16,16,0,0,1,1,,1,23,24,,1,3,3,0,0,5,,1,3,6,11,,0,11,6,0,0,0,,,0,17,17,,0,0,0
2020-04-19,1,1,26,1,2,21,87,96,1,11,64,47,0,0,10,,,9,32,42,1,8,33,21,0,1,9,,2,7,10,19,,2,16,16,0,0,1,,,1,23,24,,1,3,3,1,0,6,1,,4,5,11,,0,12,7,0,0,0,,,0,17,17,,0,0,0
2020-04-20,1,1,26,0,1,20,87,96,0,11,65,47,1,0,11,,,9,31,42,,8,34,21,0,1,8,,,7,11,19,,2,16,16,0,0,1,,,1,23,24,,1,3,3,0,0,6,,1,3,5,11,,0,12,7,0,0,0,,,0,17,17,,0,0,0
2020-04-21,0,1,25,1,0,21,88,96,0,11,65,48,0,0,11,1,,10,31,42,,8,34,22,0,1,7,,,7,12,19,,2,16,16,0,0,1,,,1,23,24,,1,3,3,0,0,6,,,3,5,11,,0,12,7,0,0,0,,,0,17,17,,0,0,0
2020-04-22,0,1,24,0,0,21,89,96,0,11,65,48,0,0,11,,,10,31,42,,8,34,22,0,0,7,,,7,12,19,,2,16,16,0,0,1,,,1,23,24,,1,3,3,0,1,5,,,3,6,11,,0,12,7,0,0,0,,,0,17,17,,0,0,0
2020-04-23,1,1,24,0,0,21,89,96,0,11,66,48,0,0,11,,,10,31,42,,8,34,22,1,0,8,,,7,11,19,,2,17,16,0,0,1,,,1,23,24,,1,3,3,0,1,4,,,3,7,11,,0,12,7,0,0,0,,,0,17,17,,0,0,0
2020-04-24,1,2,23,1,3,19,90,96,0,11,67,49,0,2,9,,3,7,33,42,,8,34,22,1,0,9,1,,8,10,19,,2,18,17,0,0,1,,,1,23,24,,1,3,3,0,0,4,,,3,7,11,,0,12,7,0,0,0,,,0,17,17,,0,0,0
2020-04-25,1,1,23,0,0,19,90,96,0,11,68,49,1,0,10,,,7,32,42,,8,35,22,0,0,9,,,8,10,19,,2,18,17,0,0,1,,,1,23,24,,1,3,3,0,1,3,,,3,8,11,,0,12,7,0,0,0,,,0,17,17,,0,0,0
2020-04-26,0,0,23,0,2,17,90,96,0,11,68,49,0,0,10,,,7,32,42,,8,35,22,0,0,9,,,8,10,19,,2,18,17,0,0,1,,1,0,23,24,,1,3,3,0,0,3,,1,2,8,11,,0,12,7,0,0,0,,,0,17,17,,0,0,0
2020-04-27,0,0,22,1,0,17,91,96,1,12,68,50,0,0,9,1,,7,33,42,1,9,35,23,0,0,9,,,8,10,19,,2,18,17,0,0,1,,,0,23,24,,1,3,3,0,0,3,,,2,8,11,,0,12,7,0,0,0,,,0,17,17,,0,0,0
2020-04-28,1,0,23,0,1,16,90,96,0,12,69,50,0,0,9,,1,6,33,42,,9,35,23,1,0,10,,,8,9,19,,2,19,17,0,0,1,,,0,23,24,,1,3,3,0,0,3,,,2,8,11,,0,12,7,0,0,0,,,0,17,17,,0,0,0
2020-04-29,1,1,22,1,1,15,91,96,1,13,70,51,0,0,9,1,,7,33,42,,9,35,24,0,0,9,,,7,10,19,1,3,19,17,1,0,2,,,0,22,24,,1,4,3,0,1,2,,1,1,9,11,,0,12,7,0,0,0,,,0,17,17,,0,0,0
2020-04-30,0,0,22,1,1,15,91,96,0,13,70,52,0,0,9,,1,6,33,42,,9,35,24,0,0,9,1,,8,10,19,,3,19,18,0,0,2,,,0,22,24,,1,4,3,0,0,2,,,1,9,11,,0,12,7,0,0,0,,,0,17,17,,0,0,0
2020-05-01,2,2,21,0,1,13,92,96,1,14,72,52,0,2,7,,1,5,35,42,,9,35,24,1,0,9,,,7,10,19,1,4,20,18,1,0,3,,,0,21,24,,1,5,3,0,0,2,,,1,9,11,,0,12,7,0,0,0,,,0,17,17,,0,0,0
2020-05-02,0,0,21,0,0,13,92,96,0,14,72,52,0,0,7,,,5,35,42,,9,35,24,0,0,9,,,7,10,19,,4,20,18,0,0,3,,,0,21,24,,1,5,3,0,0,2,,,1,9,11,,0,12,7,0,0,0,,,0,17,17,,0,0,0
2020-05-03,0,0,20,0,1,11,93,96,1,15,72,52,0,0,7,,,5,35,42,,9,35,24,0,0,8,,1,5,11,19,1,5,20,18,0,0,3,,,0,21,24,,1,5,3,0,0,2,,,1,9,11,,0,12,7,0,0,0,,,0,17,17,,0,0,0
2020-05-04,0,0,20,0,0,11,93,96,0,15,72,52,0,0,7,,,5,35,42,,9,35,24,0,0,8,,,5,11,19,,5,20,18,0,0,3,,,0,21,24,,1,5,3,0,0,2,,,1,9,11,,0,12,7,0,0,0,,,0,17,17,,0,0,0
2020-05-05,0,4,16,0,1,10,97,96,0,15,72,52,0,0,7,,1,4,35,42,,9,35,24,0,1,7,,,5,12,19,,5,20,18,0,2,2,0,,1,22,24,,1,5,3,0,1,0,,0,0,11,11,,0,12,7,0,0,0,,,0,17,17,,0,0,0
2020-05-06,0,2,14,0,0,10,99,96,0,15,72,52,0,1,6,,,4,36,42,,9,35,24,0,1,6,,,5,13,19,,5,20,18,0,0,2,,,1,22,24,,1,5,3,0,0,0,,,0,11,11,,0,12,7,0,0,0,,,0,17,17,,0,0,0
2020-05-07,0,1,13,0,1,9,100,96,0,15,72,52,0,1,5,,1,3,37,42,,9,35,24,0,0,6,,,5,13,19,,5,20,18,0,0,2,,,1,22,24,,1,5,3,0,0,0,,,0,11,11,,0,12,7,0,0,0,,,0,17,17,,0,0,0
2020-05-08,0,2,11,0,0,9,102,96,0,15,72,52,0,2,3,,,3,39,42,,9,35,24,0,0,6,,,5,13,19,,5,20,18,0,0,2,,,1,22,24,,1,5,3,0,0,0,,,0,11,11,,0,12,7,0,0,0,,,0,17,17,,0,0,0
2020-05-09,0,1,10,0,1,8,103,96,0,15,72,52,0,0,3,,,3,39,42,,9,35,24,0,1,5,,1,4,14,19,,5,20,18,0,0,2,,,1,22,24,,1,5,3,0,0,0,,,0,11,11,,0,12,7,0,0,0,,,0,17,17,,0,0,0
2020-05-10,0,0,10,0,0,8,102,95,0,15,72,52,0,0,3,,,3,39,42,,9,35,24,0,0,5,,,4,13,18,,5,20,18,0,0,2,,,1,22,24,,1,5,3,0,0,0,,,0,11,11,,0,12,7,0,0,0,,,0,17,17,,0,0,0
